haplotype	nomenclature	Jiang 2012 freq	structure	3DL3	2DS2	2DL2	2DL3	2DP1	2DL1	3DP1	2DL4	3DL1	3DS1	2DL5	2DS3	2DS5	2DS4	2DS1	3DL2
1/2	cA01~tA01	0.5518		1	0	0	1	1	1	1	1	1	0	0	0	0	1	0	1
3	cA01~tB01_2DS5	0.1090		1	0	0	1	1	1	1	1	0	1	1	0	1	0	1	1
11	cA01~tB01_2DS3	0.0143		1	0	0	1	1	1	1	1	0	1	1	1	0	0	1	1
4/5	cB02~tA01	0.1278	3DL3~2DS2~2DL2~3DP1~2DL4~3DL1~2DS4~3DL2	1	1	1	0	0	0	1	1	1	0	0	0	0	1	0	1
6/10	cB01~tA01_2DS3	0.0693		1	1	1	0	1	1	1	1	1	0	1	1	0	1	0	1
25	cB01~tA01_2DS5	0.0010		1	1	1	0	1	1	1	1	1	0	1	0	1	1	0	1
7	cB01~tB01_2DS3_2DS5	0.0257		1	1	1	0	1	1	1	1	0	1	1	1	1	0	1	1
9	cB01~tB01_2DS3_2DS3	0.0210		1	1	1	0	1	1	1	1	0	1	1	2	0	0	1	1
8	cB02~tB01_2DS5	0.0213		1	1	1	0	0	0	1	1	0	1	1	0	1	0	1	1
17	cB02~tB01_2DS3	0.0027		1	1	1	0	0	0	1	1	0	1	1	1	0	0	1	1
12	cB04~tB03_2DS5	0.0080		1	1	1	0	0	0	0	0	0	1	1	0	1	0	1	1
18	cB04~tB03_2DS3	0.0027		1	1	1	0	0	0	0	0	0	1	1	1	0	0	1	1
13	cB01~tB05	0.0067	tA01 w/3DS1	1	1	1	0	1	1	2	2	1	1	1	1	0	1	0	1
15	cB05~tB01	0.0037	cB02 wo/2DL2 (or cA01 w/2DS2)	1	1	0	0	1	1	1	1	0	1	1	0	1	0	1	1
16	cA01~tB05	0.0030	tA01 w/3DS1	1	0	0	1	1	1	2	2	1	1	0	0	0	1	0	1
21	cB05~tA01	0.0017	...~2DL1/2DS1~3DL2	1	1	0	0	1	1	1	1	1	0	0	0	0	1	0	1
